https://github.com/mulesoft/mule-api,b87f459c86d56908597cad4300547ff6e225f830,mulesoft.mule-api
