https://github.com/mstao/saga-springcloud-demo,a1d4124721c106123fe2d33e328ee55749ab231d,mstao.saga-springcloud-demo
